100
0	22	57	34	5	1	95	30	56	97	2	9	43	52	53	56	6	73	96	7	55	88	74	85	50	65	59	62	67	43	34	78	17	42	64	21	95	58	50	50	55	3	58	49	6	62	57	11	86	52	69	40	40	42	25	41	59	35	2	77	29	87	54	45	29	69	65	23	27	66	24	33	20	81	33	25	42	89	88	28	41	56	19	32	50	95	24	60	81	26	36	10	12	41	6	92	10	23	14	88
40	0	89	20	60	21	4	36	63	93	23	42	85	31	12	16	32	59	39	91	91	16	78	100	28	18	6	19	79	80	85	66	19	25	37	78	46	41	66	60	33	40	1	69	70	64	84	1	74	74	91	65	42	68	16	69	38	21	39	68	100	75	34	71	100	22	48	45	62	65	4	46	5	56	14	74	71	49	27	45	75	17	9	16	37	24	36	26	97	26	93	48	53	78	18	52	100	18	48	13
82	3	0	59	86	58	24	12	80	25	38	24	99	6	84	66	94	60	53	19	8	30	12	7	82	89	77	85	40	46	32	53	27	34	63	65	43	86	76	23	10	65	98	60	70	34	25	64	45	29	82	4	59	45	10	92	86	38	77	25	83	8	29	10	94	91	26	88	77	1	62	38	65	12	98	86	45	74	49	41	55	83	44	65	27	5	56	64	43	32	41	25	92	69	86	37	60	11	24	88
11	86	25	0	27	97	74	13	93	100	13	33	6	95	28	70	74	32	25	37	74	9	29	99	100	98	84	36	9	47	11	96	9	96	72	36	44	98	100	36	97	12	20	54	59	47	23	32	79	47	20	4	55	49	54	6	98	38	41	6	36	52	1	44	99	24	79	43	21	30	30	69	94	2	22	52	48	44	35	78	43	6	82	49	6	35	55	3	24	95	60	59	98	12	3	97	36	33	91	8
15	72	29	8	0	73	2	11	73	98	97	50	40	54	83	40	60	70	94	14	45	41	74	56	38	37	10	86	72	94	28	32	8	100	12	67	24	13	77	96	10	25	98	1	79	80	41	38	1	34	3	46	26	28	1	16	65	62	53	88	55	81	19	63	32	30	29	55	43	58	3	4	82	100	5	60	31	97	49	84	82	52	29	8	79	81	75	43	42	27	31	48	59	49	10	90	31	91	97	25
48	51	28	29	50	0	84	89	32	32	89	15	14	40	95	73	19	27	47	61	20	73	43	68	32	44	77	73	74	19	21	50	66	71	29	95	72	13	35	4	96	23	70	9	15	17	81	33	43	79	45	63	4	88	82	87	83	10	59	56	29	32	57	94	2	85	40	74	49	26	29	45	1	50	53	15	66	86	99	61	16	95	75	19	34	56	57	16	65	16	23	93	99	79	39	100	64	30	25	64
56	5	8	8	55	13	0	74	20	50	72	32	65	18	6	36	52	61	92	67	78	59	90	22	57	68	60	9	83	90	33	47	97	38	6	56	44	18	29	15	67	52	47	84	69	52	71	20	13	14	87	42	73	28	63	81	47	23	41	30	64	74	28	12	63	33	67	58	3	47	72	21	98	18	56	18	22	26	38	86	40	76	27	64	3	89	96	1	63	37	30	78	10	9	89	24	94	7	33	96
5	4	68	54	74	24	72	0	95	1	61	80	92	36	6	55	90	46	51	42	9	87	24	86	48	32	27	23	77	33	55	24	90	10	92	43	83	67	14	29	67	74	60	59	61	17	65	2	63	67	44	23	53	67	8	52	50	86	26	27	71	32	50	60	42	93	2	76	59	16	5	78	41	64	88	54	81	4	7	95	71	2	17	75	68	24	79	70	62	4	48	32	36	49	91	77	42	92	52	52
59	8	81	100	72	20	5	4	0	24	11	98	94	13	66	20	32	41	98	53	2	2	100	33	89	49	23	17	42	15	20	93	25	28	26	76	51	45	80	6	68	43	55	13	55	20	85	38	60	82	91	62	35	90	46	23	38	69	91	79	35	11	24	59	38	1	35	88	45	14	93	65	56	99	29	62	18	13	100	29	95	90	90	81	31	88	56	21	56	46	99	90	56	74	100	93	74	34	32	71
100	76	35	7	74	63	69	91	76	0	20	72	22	61	13	2	91	100	57	11	55	3	62	96	58	87	96	3	13	81	34	83	80	62	17	39	35	31	7	78	58	78	49	79	38	61	33	80	61	41	91	67	95	4	63	53	90	10	7	2	90	92	36	22	53	4	60	40	35	18	69	44	95	69	75	84	81	7	63	93	47	5	60	42	8	74	46	50	35	4	3	24	95	39	97	100	42	56	91	28
73	59	72	67	79	46	2	59	52	65	0	52	50	69	63	43	77	88	40	78	22	43	80	45	90	18	42	41	60	49	31	87	22	41	58	40	19	55	42	29	6	58	80	8	26	94	50	54	81	42	31	2	36	11	99	25	28	92	65	39	40	47	78	61	39	87	53	57	42	46	38	99	3	17	6	28	63	8	82	43	1	64	97	36	26	95	61	54	86	77	44	25	76	21	38	14	60	90	23	1
87	60	99	89	28	57	16	90	16	49	85	0	16	65	81	51	90	75	63	95	12	40	39	88	15	11	25	80	22	66	2	22	52	61	73	40	89	81	8	78	96	8	14	11	72	94	13	14	20	76	8	83	67	98	71	81	61	95	12	82	13	14	4	64	74	28	56	14	8	15	44	3	22	57	65	46	3	77	11	22	52	18	57	18	68	27	50	28	73	14	9	85	27	64	1	52	91	8	66	98
22	61	52	95	17	16	92	19	45	2	93	48	0	72	49	18	39	27	67	66	99	80	74	36	58	90	36	10	80	95	27	30	16	87	33	62	55	1	6	26	45	7	70	44	30	18	61	68	96	80	33	94	11	59	81	69	48	68	30	79	62	56	60	29	94	93	91	100	45	48	25	89	6	94	32	36	63	93	3	58	72	36	4	34	46	84	2	45	52	31	75	13	38	35	94	83	79	36	83	23
83	59	63	88	53	94	23	15	38	26	25	61	13	0	80	95	10	63	48	54	66	31	28	31	20	14	24	3	92	59	37	14	41	95	76	80	99	22	3	66	11	80	90	24	44	69	70	53	83	17	6	49	47	85	79	67	99	54	21	42	12	9	56	4	3	83	83	2	56	37	67	19	16	8	42	59	28	11	11	10	79	68	58	78	5	88	96	3	41	16	44	4	24	51	7	78	86	90	31	93
26	49	11	94	8	4	52	35	66	15	45	45	34	54	0	22	38	42	17	92	34	84	36	38	59	38	44	36	75	85	19	68	63	67	30	56	27	86	59	61	51	73	5	47	7	11	20	96	52	88	88	37	71	75	74	81	64	70	69	39	54	87	58	16	5	39	23	31	24	82	92	27	54	48	73	12	58	45	60	61	32	47	98	55	73	23	35	36	92	3	26	98	41	83	65	46	74	88	28	49
69	71	75	74	19	100	38	28	96	97	41	27	95	90	33	0	67	12	68	2	56	22	28	5	63	62	69	8	35	56	87	36	76	58	62	50	28	13	87	55	8	35	95	87	29	84	19	95	48	86	96	55	8	75	59	70	37	27	29	23	83	15	58	58	24	20	59	51	84	97	6	92	31	52	78	59	88	96	53	35	34	1	89	41	75	47	62	63	25	90	86	59	56	95	69	80	66	27	82	50
24	39	41	54	91	70	65	30	65	17	64	98	69	4	90	44	0	2	51	6	26	92	43	85	100	90	53	31	55	31	12	4	6	51	96	12	93	17	76	22	82	44	37	31	13	92	73	8	93	23	13	70	67	8	6	66	97	10	48	51	93	59	7	98	61	54	9	5	23	84	26	4	80	14	86	92	5	58	99	49	33	63	71	51	22	28	68	18	90	15	21	82	25	79	79	86	84	40	90	6
75	68	61	54	81	99	45	38	8	95	38	40	10	8	42	31	36	0	9	1	25	23	21	58	48	51	36	85	34	27	26	40	2	93	52	55	26	50	52	15	58	98	52	49	7	12	91	90	99	99	90	23	22	10	32	21	12	67	5	45	46	82	36	47	27	88	53	4	37	56	18	94	54	69	43	12	32	33	1	30	83	90	4	4	51	35	76	62	54	32	59	99	14	94	45	40	33	49	43	70
5	12	15	58	80	9	69	64	93	22	93	76	63	97	31	14	31	7	0	27	84	38	37	82	51	83	78	42	15	27	36	36	31	47	51	40	79	11	8	42	4	81	34	79	44	30	9	9	61	15	87	96	5	24	78	7	6	55	49	72	81	84	8	63	31	58	2	9	68	62	2	23	42	35	1	85	65	62	45	77	28	32	72	32	7	1	39	64	56	39	35	88	74	42	3	56	51	4	64	71
65	65	93	59	52	46	95	68	59	40	44	86	23	67	70	29	68	60	92	0	75	98	78	62	23	20	16	79	22	20	94	44	36	11	89	94	62	34	41	29	92	32	24	29	54	90	98	82	9	57	25	83	6	2	97	29	73	12	7	47	31	100	90	19	10	78	64	23	63	4	3	6	35	26	35	40	68	84	73	76	93	97	59	98	51	7	78	75	18	84	21	1	36	63	19	97	92	34	72	55
38	74	12	24	100	98	64	67	82	36	94	74	85	4	23	87	10	1	61	28	0	84	34	80	71	48	50	20	39	83	91	45	20	64	57	96	63	6	59	81	87	46	27	12	82	30	35	68	40	35	81	19	70	14	50	93	13	99	12	51	81	2	96	53	65	4	48	80	9	58	60	48	55	86	59	37	68	45	4	59	79	84	29	1	49	78	93	61	76	4	12	8	57	59	60	21	14	59	100	74
16	12	21	71	49	32	7	16	76	62	26	7	46	54	7	46	31	51	7	58	6	0	70	66	62	80	77	82	93	36	34	66	51	45	39	73	45	70	31	13	45	93	38	51	90	92	9	35	74	59	41	84	64	10	49	77	41	77	59	33	12	92	51	15	88	89	87	32	10	18	96	6	62	34	9	51	77	17	85	50	28	78	33	43	39	33	20	80	10	30	12	21	73	14	87	60	54	74	43	63
43	39	21	4	24	29	6	100	97	42	1	24	19	86	19	58	18	38	37	79	19	100	0	52	91	14	38	50	19	63	44	34	5	34	54	60	9	82	17	8	30	59	61	6	77	46	24	34	15	13	22	94	31	22	97	21	87	34	22	57	97	17	90	53	3	43	65	11	76	81	19	58	91	31	63	68	76	86	53	90	50	75	35	80	48	31	52	86	17	25	42	65	41	32	69	95	26	33	6	54
66	76	11	8	6	25	75	81	10	80	22	59	6	9	90	53	39	93	90	7	17	31	71	0	9	14	40	4	92	24	9	97	41	84	59	49	89	83	23	21	92	54	94	2	59	2	43	63	93	35	52	99	51	35	70	59	100	61	14	43	84	22	39	25	57	97	73	97	31	47	17	74	1	63	75	11	64	69	26	8	3	29	7	53	63	28	64	15	40	77	57	23	51	48	99	7	96	23	4	27
70	72	100	22	34	27	84	50	95	9	9	98	38	67	2	52	94	17	18	85	46	75	8	96	0	22	58	54	17	81	57	95	2	81	95	75	66	21	58	15	15	19	76	64	8	42	66	59	88	34	77	72	79	3	31	26	76	89	80	44	21	88	39	22	68	33	48	86	5	57	52	19	75	27	83	82	69	100	93	56	33	69	27	64	23	10	89	98	98	20	41	70	8	31	91	27	63	90	12	67
46	16	38	73	42	72	54	10	71	98	17	55	18	96	18	40	5	59	89	54	78	30	23	37	12	0	65	64	75	54	27	93	51	42	82	23	36	53	29	45	75	26	14	82	44	9	99	35	65	9	24	18	87	5	92	75	16	56	38	42	9	17	35	59	10	68	34	45	21	62	42	47	87	55	28	82	15	79	17	79	87	92	48	25	96	39	100	63	94	89	5	54	5	91	64	15	58	97	11	30
10	52	77	49	58	4	30	72	82	98	2	21	41	49	45	88	39	44	51	84	85	7	37	89	49	53	0	55	58	1	18	88	63	69	16	11	27	71	92	50	5	42	52	25	82	52	21	70	91	17	72	74	1	30	63	89	78	67	96	87	67	13	26	29	33	41	91	11	64	83	61	68	24	12	92	57	63	12	26	5	80	49	79	80	30	93	21	7	59	68	94	77	80	19	58	64	12	48	75	75
30	87	94	5	98	85	62	12	48	39	17	28	88	47	59	17	91	79	76	49	46	21	25	77	91	34	41	0	54	82	67	28	11	53	73	16	2	9	29	13	9	67	81	88	6	79	46	23	69	25	50	69	70	22	94	99	12	79	91	66	60	57	45	23	9	18	90	62	26	18	74	34	84	7	21	90	37	19	64	6	43	65	74	64	86	19	62	97	98	52	14	9	60	11	31	20	28	20	81	5
37	7	91	73	13	63	14	1	81	77	6	23	93	32	39	78	2	100	26	99	4	40	8	15	50	90	35	29	0	10	15	33	98	73	23	70	37	86	35	38	66	63	43	41	55	26	79	32	28	30	58	78	85	49	37	100	98	27	86	26	36	100	10	85	73	85	7	61	22	41	98	39	4	93	31	58	18	9	42	45	91	99	23	27	99	11	26	96	37	11	73	24	63	34	9	87	70	15	47	91
55	45	30	58	37	12	68	6	21	9	3	63	59	77	89	57	87	67	4	24	77	28	47	91	61	55	77	31	21	0	76	73	76	20	54	85	8	66	4	65	86	12	67	100	70	43	88	78	30	6	81	53	83	8	51	25	21	58	2	51	78	77	23	5	48	77	42	7	42	45	71	79	57	90	30	78	32	69	8	61	75	88	65	57	48	16	33	68	25	34	18	2	62	92	7	61	20	48	19	61
44	90	91	52	31	20	82	62	89	89	75	63	28	39	71	75	6	3	42	30	89	11	84	50	55	42	63	74	89	81	0	35	84	22	77	36	52	97	17	14	85	5	40	99	32	30	69	7	36	23	100	17	11	63	52	13	17	93	75	90	33	55	76	17	29	53	52	80	49	20	45	85	24	84	35	7	14	55	65	1	77	65	69	40	27	21	52	95	65	26	84	98	32	60	66	60	64	17	92	64
36	36	100	11	72	34	17	37	88	82	37	16	98	57	55	76	29	6	70	94	83	53	91	67	64	8	78	27	76	69	42	0	11	57	41	73	80	74	41	16	13	74	4	81	71	60	35	46	89	93	67	34	75	72	76	93	35	83	71	14	58	91	55	20	99	48	92	78	73	84	45	38	58	48	18	28	60	52	26	100	44	92	33	71	15	8	63	50	90	85	15	99	76	21	18	26	68	61	56	93
44	100	30	1	100	47	81	59	98	58	58	94	1	42	16	16	1	30	65	90	67	31	88	94	51	57	19	71	17	74	63	60	0	74	92	61	25	90	93	83	87	50	92	32	50	85	99	65	85	81	81	74	47	63	13	40	66	69	10	88	85	84	50	96	9	93	8	33	82	100	67	20	1	58	4	3	94	2	67	78	82	100	51	80	14	15	19	79	35	29	66	71	64	67	66	72	59	26	56	92
25	22	12	78	31	67	80	24	20	98	53	54	97	3	33	11	69	4	41	55	84	7	25	47	73	42	70	84	67	77	75	44	50	0	38	21	32	56	100	7	76	97	59	29	46	13	61	8	81	64	48	35	99	54	11	45	79	52	66	62	19	42	88	14	91	78	34	74	33	85	80	8	33	38	36	78	50	49	37	82	64	85	16	63	90	26	59	68	30	25	81	100	18	21	13	61	98	98	34	30
34	14	90	66	51	25	96	53	25	32	34	89	68	50	51	58	27	9	77	56	85	10	7	3	30	19	63	27	68	48	8	1	61	97	0	67	64	74	14	16	98	97	49	86	65	98	88	74	77	97	2	84	33	11	91	87	40	61	1	18	29	49	26	29	9	74	47	72	47	12	39	45	9	88	30	73	37	18	98	13	66	99	97	50	10	39	37	1	99	37	19	27	37	96	8	98	69	6	21	68
18	60	12	78	47	93	2	83	62	99	48	79	97	44	29	58	34	17	11	32	5	81	11	42	76	70	39	96	75	59	63	44	18	26	21	0	16	19	22	99	32	20	98	11	69	93	39	78	26	7	88	9	11	68	19	4	95	88	42	43	15	53	57	58	22	83	79	38	53	52	88	84	72	85	94	92	77	84	21	54	90	9	62	53	28	81	56	75	20	50	17	34	2	73	44	23	55	22	12	7
73	51	43	96	35	36	39	63	20	60	16	61	20	30	65	99	10	21	73	81	70	41	15	23	14	10	45	20	31	9	79	55	59	21	3	46	0	8	93	60	79	4	28	40	75	57	4	74	18	76	98	98	45	39	64	19	4	73	64	23	55	24	53	62	82	73	16	79	33	8	39	11	64	66	2	38	74	58	63	91	33	61	40	30	99	56	48	2	28	63	76	35	86	29	48	20	53	63	50	85
22	88	96	85	5	97	23	78	54	85	20	39	97	12	68	95	67	67	48	46	30	76	80	67	4	27	38	8	41	88	93	63	27	40	47	32	88	0	21	61	42	58	33	32	54	44	51	49	10	17	48	55	98	23	87	17	78	65	54	86	6	93	30	68	20	69	66	51	56	87	63	49	44	95	32	97	38	82	97	47	51	97	54	48	19	92	16	49	56	70	86	61	62	15	80	81	35	46	83	42
32	46	91	27	92	22	23	30	56	20	28	6	68	33	5	38	24	21	86	80	42	71	92	55	37	72	88	23	69	22	65	100	67	55	26	59	28	100	0	40	83	71	67	88	38	100	93	76	23	65	13	54	6	36	98	12	72	69	99	95	89	21	59	88	39	65	65	49	44	16	88	27	87	7	66	76	6	10	3	80	74	16	86	31	51	83	43	74	3	93	68	91	65	78	30	4	94	46	52	38
61	92	64	99	98	81	75	55	91	77	86	64	44	23	47	94	5	41	68	7	33	87	49	98	65	78	53	10	23	56	47	36	47	62	34	96	43	60	50	0	33	89	88	48	32	10	94	26	67	34	45	25	19	31	74	68	47	3	20	57	26	75	3	13	74	17	46	69	59	58	71	43	46	58	90	77	19	36	54	85	69	98	10	39	81	35	6	27	37	25	83	14	52	38	26	25	6	24	93	64
81	15	6	78	72	47	54	43	82	60	79	3	9	88	41	89	74	99	68	11	75	50	24	26	39	2	50	44	25	95	59	5	9	16	82	33	63	87	75	96	0	98	53	50	7	93	43	47	66	41	14	28	15	16	52	41	6	53	42	50	29	36	60	33	45	76	66	77	90	4	51	37	2	55	87	60	47	29	58	65	21	72	92	35	39	95	27	44	99	69	45	27	4	5	11	48	32	76	76	21
80	78	57	33	33	95	92	31	75	1	95	95	72	39	30	10	33	8	6	32	76	50	10	32	54	21	31	85	48	7	57	79	84	66	11	68	60	54	99	87	55	0	93	81	78	83	10	40	16	70	45	99	45	94	8	76	100	80	7	36	28	65	45	6	48	10	17	16	21	22	66	7	28	58	88	6	93	49	45	8	18	41	58	15	34	65	90	85	45	48	21	72	12	65	29	12	26	97	79	98
19	44	5	46	53	44	3	45	92	47	4	62	39	61	76	73	78	17	9	22	17	81	45	80	97	25	91	22	22	21	72	92	16	76	89	69	19	92	65	62	90	69	0	75	29	81	2	53	58	19	13	79	35	94	75	14	42	100	57	16	73	29	87	64	45	62	52	65	32	95	29	45	85	49	20	65	30	73	17	39	91	81	70	77	74	44	43	16	95	51	31	67	79	17	30	75	30	34	39	13
28	20	9	12	68	80	76	49	53	44	88	43	25	57	72	50	52	66	17	47	16	47	65	46	15	95	21	96	28	59	60	55	30	69	19	50	48	46	98	100	90	37	95	0	66	45	66	67	97	31	84	95	98	82	59	43	97	5	15	44	84	26	4	39	55	72	9	4	71	54	54	71	95	90	65	60	87	82	27	35	64	10	29	61	43	39	55	91	44	70	35	27	95	90	17	49	13	25	5	83
31	58	53	25	99	69	37	85	50	63	19	13	24	99	73	66	38	80	57	33	49	43	11	95	84	28	43	96	4	99	78	34	56	83	11	55	51	47	39	1	61	10	13	84	0	8	38	1	45	69	9	29	17	3	40	63	86	19	57	81	22	56	11	8	11	93	18	17	43	64	8	95	24	17	60	59	24	49	11	21	17	72	49	85	74	88	47	12	6	3	92	80	58	54	39	21	46	56	37	41
71	44	87	46	60	46	56	36	94	66	8	62	89	56	46	63	96	44	26	53	47	17	32	56	23	22	76	20	29	13	12	99	8	99	96	68	96	51	55	90	69	62	3	57	69	0	1	71	64	44	96	17	90	65	100	46	87	22	21	58	50	85	70	1	93	20	96	12	15	99	18	4	19	79	59	75	47	59	98	63	2	45	31	44	9	30	89	47	3	61	5	53	46	26	5	90	45	52	1	59
2	18	15	20	48	73	47	46	83	44	8	84	88	38	27	49	20	67	47	22	28	3	26	25	28	30	14	24	34	66	83	35	35	49	55	82	21	1	79	55	96	87	38	35	76	17	0	35	95	83	82	69	62	84	94	86	12	76	51	35	9	68	69	43	2	17	97	35	89	49	66	43	96	4	33	31	79	49	65	26	31	98	94	93	82	39	30	45	14	33	31	22	100	100	17	54	68	65	40	57
66	5	51	61	60	83	43	39	31	60	16	14	57	61	58	38	99	87	82	13	71	13	86	23	64	54	76	31	19	67	39	84	24	90	96	83	24	39	73	7	98	40	20	54	100	77	44	0	99	15	77	63	38	41	100	60	56	54	87	87	24	5	77	59	28	18	54	63	42	92	87	48	41	27	19	47	26	47	42	76	13	18	90	50	11	90	9	66	95	47	4	18	52	81	76	31	98	81	45	91
25	32	38	65	10	56	63	87	54	4	63	67	74	52	16	84	93	77	49	87	23	5	4	26	85	31	57	34	12	53	25	88	84	14	52	93	22	15	32	75	70	94	41	43	97	9	26	90	0	37	27	76	59	31	32	37	67	14	45	52	77	97	28	64	81	42	16	25	15	82	56	89	51	1	82	46	98	42	71	87	78	49	14	88	31	45	24	49	11	68	1	87	65	28	51	97	21	18	73	35
51	29	76	53	81	9	98	78	2	21	16	79	69	30	66	100	26	42	100	88	61	100	75	25	80	77	73	100	94	46	87	96	26	14	48	6	22	46	36	23	66	3	53	34	84	70	85	10	11	0	85	97	72	36	23	48	15	99	73	67	44	18	53	39	95	18	39	52	39	84	39	13	49	42	65	34	25	34	71	86	97	7	35	20	94	57	67	61	8	39	27	3	8	31	42	54	48	80	58	38
15	96	2	15	37	18	100	14	51	22	99	99	28	33	18	74	42	85	34	1	75	12	3	35	42	96	88	41	27	97	30	41	93	31	55	81	48	7	94	50	28	45	49	8	29	66	81	22	2	14	0	22	29	77	25	63	18	20	2	10	47	99	39	39	91	69	94	23	16	100	69	65	79	13	65	86	41	31	66	15	84	31	36	12	7	60	74	76	32	28	85	30	26	75	68	68	43	13	42	10
64	10	27	43	22	91	28	15	21	46	29	57	28	16	68	87	28	94	14	59	21	51	40	98	25	7	17	68	72	58	29	35	20	55	77	41	46	57	7	18	54	87	74	33	3	42	19	82	87	85	92	0	59	35	31	56	59	89	24	78	60	33	7	47	52	61	75	45	6	83	3	76	36	90	49	69	44	42	39	77	28	23	68	86	57	98	41	68	38	16	45	50	49	3	96	52	16	22	96	21
5	99	48	92	40	97	12	35	38	51	11	66	25	78	51	34	27	44	1	16	11	97	65	59	52	12	63	67	34	10	39	38	8	87	81	99	83	93	85	20	95	95	37	19	24	88	52	50	83	4	66	93	0	53	82	4	4	94	18	70	79	27	8	16	35	94	96	85	76	40	70	48	34	16	36	53	40	75	56	41	57	12	58	2	64	40	57	67	85	74	36	63	100	95	30	86	89	77	71	16
17	92	15	50	7	51	54	46	25	10	87	82	21	96	35	36	35	91	2	19	16	89	81	15	83	62	1	23	39	23	39	55	66	5	56	72	55	10	70	80	71	8	13	91	3	99	78	90	89	79	60	4	19	0	93	70	1	54	22	24	92	44	14	46	61	18	2	85	25	63	54	56	33	13	68	75	67	18	52	56	58	82	16	13	100	8	82	100	13	4	75	5	99	40	2	12	10	55	96	34
17	1	89	49	13	8	75	31	25	26	87	34	7	54	46	6	13	27	58	25	82	84	29	33	24	31	44	33	37	39	18	54	39	6	54	3	65	29	33	41	6	71	74	13	24	19	70	88	97	27	13	31	11	93	0	63	86	75	58	70	12	96	87	17	86	44	70	40	8	50	72	100	56	43	73	68	18	43	89	58	91	68	70	21	78	14	83	15	41	40	84	4	87	70	20	24	13	41	63	72
91	35	23	46	29	47	65	98	89	53	55	79	20	76	100	49	42	34	15	82	26	98	85	64	19	56	88	83	48	50	6	38	36	28	35	16	74	51	14	62	4	68	93	75	96	44	76	37	77	42	18	54	40	54	18	0	10	61	5	93	8	6	98	46	42	26	32	9	99	83	22	13	38	42	57	64	37	100	39	73	28	81	90	82	72	95	51	81	55	7	25	62	12	23	59	5	100	91	14	50
73	35	14	10	76	70	25	64	21	64	36	49	96	77	82	19	71	84	51	25	90	76	39	1	50	97	6	49	39	71	50	11	5	64	72	33	85	97	48	6	12	84	6	59	60	39	77	31	22	79	7	11	54	45	63	3	0	94	68	3	32	90	5	95	47	20	18	79	4	66	78	61	29	61	66	87	21	56	15	3	77	94	61	39	99	58	2	54	51	21	8	34	11	12	80	57	31	98	87	87
15	64	47	44	77	65	82	49	72	49	51	49	94	63	39	92	20	40	97	22	13	5	8	23	68	87	31	51	36	69	89	51	32	35	46	8	51	27	8	23	75	10	23	68	73	61	12	44	53	60	66	65	16	25	39	84	11	0	21	86	47	89	74	49	72	60	94	32	11	20	39	85	47	49	59	66	21	71	29	64	23	89	81	39	4	5	29	39	68	49	76	66	89	49	14	61	61	7	92	23
78	30	7	76	30	17	42	50	87	22	66	62	10	98	52	66	55	81	56	74	81	84	39	70	32	52	82	44	10	73	66	39	54	24	15	84	40	8	85	27	29	50	40	91	100	91	8	54	23	15	27	4	98	17	25	82	20	6	0	25	29	30	91	19	83	66	85	18	6	92	3	84	73	4	23	15	3	65	74	8	88	88	86	91	86	2	67	19	73	72	43	53	1	85	72	83	51	56	53	8
100	55	43	24	58	17	38	13	81	11	72	68	50	58	10	87	11	76	5	84	99	100	36	99	36	7	34	86	15	86	45	66	92	87	89	1	55	26	13	36	88	85	55	37	94	17	76	4	44	80	39	43	31	75	93	67	33	78	4	0	99	63	49	64	6	87	52	7	42	29	19	29	16	55	35	5	48	3	80	4	47	11	42	41	42	68	85	8	53	63	63	51	77	11	15	83	50	66	89	43
95	59	23	62	14	57	66	13	60	97	16	58	8	10	98	1	77	82	60	29	96	22	32	73	85	46	55	34	63	95	28	9	53	50	71	18	6	88	83	17	37	50	26	96	59	23	96	88	57	7	68	52	28	99	76	12	96	30	97	59	0	76	76	19	81	25	41	50	83	81	32	51	17	82	77	12	92	51	59	79	7	65	99	11	44	97	86	8	45	68	4	55	95	32	73	75	56	14	25	90
46	8	41	62	89	17	25	81	19	35	11	26	51	9	88	94	58	25	1	54	44	57	8	39	88	80	65	95	45	41	85	42	49	77	3	89	45	79	21	63	65	84	40	15	44	27	9	1	4	9	6	47	65	13	37	52	45	54	99	89	94	0	83	31	94	59	85	35	3	16	55	65	80	90	5	95	34	83	3	86	38	63	92	37	80	4	73	83	48	78	81	89	24	63	71	17	73	7	3	75
22	58	92	54	99	48	48	32	82	2	18	20	16	9	56	95	64	80	78	64	58	58	52	81	73	22	49	45	80	52	72	2	61	63	55	59	62	54	43	43	7	60	14	22	20	21	17	35	1	46	98	10	55	1	42	27	74	42	72	54	93	95	0	55	5	9	61	16	70	66	58	64	72	69	78	45	40	98	13	26	50	10	24	59	65	24	52	91	50	94	14	3	38	8	9	43	16	69	10	85
86	19	1	9	39	78	53	30	27	18	55	77	27	30	87	91	6	39	34	55	32	47	57	69	55	65	63	22	85	24	59	22	42	59	30	80	88	34	9	14	3	16	42	30	45	29	72	50	19	5	56	2	4	64	70	10	28	85	31	64	8	89	37	0	2	99	66	81	86	52	42	100	54	9	41	35	53	21	59	55	39	15	62	40	70	26	62	79	5	98	10	21	5	50	57	58	49	75	91	34
26	32	85	31	92	78	18	96	98	28	2	89	94	64	80	64	89	93	42	93	90	3	13	47	53	22	4	53	96	94	38	73	77	23	3	68	52	72	16	1	51	17	89	45	80	21	8	20	13	49	13	55	4	77	1	56	98	56	60	93	2	97	65	78	0	71	20	98	22	43	13	23	94	29	11	38	61	83	97	80	96	97	44	50	100	21	2	55	70	57	14	63	10	63	79	88	33	50	37	55
93	49	77	38	29	39	75	89	22	23	21	69	19	64	70	19	84	71	73	54	79	39	68	89	53	98	28	85	48	64	39	40	64	67	77	44	6	3	85	79	25	5	47	43	68	16	61	4	38	86	57	16	76	76	56	28	73	83	64	20	98	3	11	61	21	0	39	5	26	41	89	56	17	45	2	12	12	17	24	15	6	61	23	22	36	50	29	15	23	12	79	94	9	33	5	22	53	95	78	31
88	18	86	4	62	40	67	25	8	91	92	14	51	14	87	39	16	15	53	38	26	31	31	87	15	87	60	20	82	37	50	69	6	87	24	67	78	91	91	86	33	34	51	83	48	37	21	15	51	26	52	29	56	34	15	23	73	26	42	6	62	43	26	19	29	49	0	85	59	91	27	44	23	61	94	58	60	82	78	74	32	3	77	60	11	62	26	33	34	51	26	39	64	68	64	82	48	65	18	6
55	97	1	30	57	46	87	68	27	64	93	11	19	69	70	81	30	48	65	16	50	90	6	14	9	22	47	56	86	65	14	40	61	14	21	69	12	7	88	38	71	80	48	41	100	70	73	81	69	37	96	18	78	2	83	86	75	30	93	60	46	6	51	6	72	72	26	0	83	78	13	72	100	44	72	92	43	93	64	23	61	100	71	30	29	24	13	14	98	42	59	9	87	64	59	44	87	82	69	69
60	33	93	11	76	16	3	70	8	66	44	20	18	66	49	46	89	61	12	38	2	70	46	40	85	57	83	24	38	3	44	49	35	36	60	62	51	62	31	10	79	27	29	48	92	78	46	33	38	9	70	92	30	68	31	14	76	14	89	13	16	33	14	3	68	73	64	71	0	86	47	80	16	73	9	64	64	86	9	48	75	69	18	66	98	37	97	63	12	62	52	76	29	84	89	31	51	13	47	73
98	93	53	66	17	61	29	32	98	89	80	72	57	49	90	54	37	86	16	100	99	67	75	27	2	16	10	53	80	56	77	78	100	29	43	68	41	23	99	90	63	30	62	19	30	51	24	66	88	39	17	86	58	44	12	59	59	73	63	38	28	40	67	79	20	61	46	13	35	0	97	2	97	26	15	15	8	17	90	73	4	81	42	41	38	85	5	48	43	77	63	32	57	54	51	35	25	11	81	37
98	77	39	94	54	5	61	61	22	50	86	77	30	27	18	19	11	74	19	5	50	33	88	6	86	38	41	10	1	73	99	98	1	37	91	54	41	3	67	14	5	4	91	34	82	60	5	44	33	75	48	82	7	35	40	92	25	32	53	25	4	3	22	4	39	64	9	32	19	27	0	97	23	30	87	8	11	98	12	54	30	86	53	64	92	40	3	35	64	34	40	88	89	42	61	92	33	76	52	16
46	79	12	68	60	51	76	23	48	39	28	78	25	81	93	68	20	95	55	35	80	94	74	68	87	86	11	19	13	14	86	59	92	50	26	4	100	53	26	99	92	53	28	16	85	20	35	56	66	89	90	45	34	15	64	21	100	74	91	13	40	77	71	31	26	48	86	77	1	11	75	0	92	16	3	59	100	74	93	56	40	82	97	36	67	12	100	87	11	25	78	23	64	6	45	47	83	93	32	59
93	43	85	36	58	39	94	9	13	86	64	52	19	61	87	86	24	38	24	34	63	53	9	26	58	5	72	40	97	56	50	41	98	35	76	7	73	21	67	37	7	31	40	77	43	79	62	18	16	38	51	78	90	11	56	100	16	79	39	64	34	41	5	83	75	32	41	99	53	8	36	11	0	90	27	87	84	5	1	1	21	38	3	50	79	14	57	78	29	36	69	44	21	9	100	56	35	32	96	33
36	55	20	46	96	99	84	31	3	36	31	75	25	34	77	4	99	33	33	79	20	1	22	93	9	22	48	43	5	95	28	40	2	99	37	97	97	72	28	52	8	10	26	32	43	2	87	93	87	20	71	6	20	45	98	81	18	97	75	22	92	2	13	93	53	1	41	49	72	68	52	31	78	0	78	63	72	31	1	65	17	20	87	23	92	83	72	72	100	21	46	21	12	100	85	56	4	85	96	4
9	64	56	39	93	33	53	64	63	54	80	80	25	67	54	16	49	77	39	1	97	37	73	60	36	58	67	39	94	63	42	2	78	97	93	70	81	97	85	44	50	65	75	27	83	80	94	83	8	33	83	57	69	56	68	56	65	35	46	58	97	39	12	74	88	56	95	68	52	79	63	54	95	89	0	80	77	20	73	60	28	57	94	36	77	1	3	32	65	37	29	23	33	68	86	58	55	41	52	74
92	83	37	45	77	77	76	54	97	1	65	76	57	10	11	86	11	13	69	75	50	98	49	34	17	86	92	71	26	95	96	70	77	84	66	6	61	42	11	57	94	75	32	50	36	42	87	46	54	56	73	55	53	21	89	21	59	80	43	84	26	38	5	55	22	71	60	82	64	70	90	9	96	21	10	0	31	14	97	29	19	52	1	74	56	73	62	76	31	93	18	67	18	55	23	72	28	45	83	9
8	52	50	16	99	70	26	30	83	74	58	2	25	10	27	32	82	88	7	65	32	76	31	1	82	53	73	10	50	7	70	57	11	20	25	9	41	2	90	76	27	99	77	51	8	55	82	42	42	40	6	25	15	88	25	96	92	49	57	41	56	27	50	66	98	26	74	38	79	64	13	5	14	41	7	22	0	95	88	63	88	79	20	12	93	7	37	40	50	85	49	43	92	75	92	57	24	69	83	61
47	98	26	51	11	66	57	32	13	96	46	52	26	17	64	70	75	52	9	25	88	57	67	80	83	10	88	58	78	70	19	76	19	96	26	30	13	34	13	25	81	11	77	6	27	92	75	2	95	35	78	82	44	96	13	78	5	1	36	34	70	6	9	41	1	86	70	65	71	34	90	3	44	18	8	23	61	0	34	24	7	20	53	88	15	48	1	93	4	53	80	89	74	37	97	14	37	34	83	53
4	69	42	6	12	11	65	34	23	50	9	29	69	61	69	36	60	69	80	15	73	59	3	46	95	51	60	83	84	94	35	39	62	29	96	74	91	12	59	14	61	68	94	82	80	62	17	40	82	96	54	54	6	9	100	52	59	59	86	43	52	20	33	66	100	29	39	43	40	97	8	53	16	1	86	48	15	2	0	87	96	49	92	2	6	100	1	57	11	11	42	53	14	13	37	79	13	17	69	55
9	18	62	61	33	14	46	32	28	99	18	76	47	62	77	4	13	29	60	23	91	53	27	4	65	64	35	29	32	55	35	40	72	48	100	57	62	97	88	41	95	58	16	93	71	44	96	83	72	7	58	14	59	84	70	24	99	4	4	31	58	39	22	82	86	22	38	99	70	25	92	65	34	7	9	4	3	57	87	0	74	63	96	88	22	31	9	97	82	12	52	64	21	90	85	2	28	6	91	78
28	16	69	92	1	28	52	5	30	8	43	55	71	38	94	44	68	2	92	49	13	43	12	86	85	49	39	12	54	30	41	33	97	10	24	97	37	76	1	18	35	43	72	5	32	66	100	100	67	91	100	32	34	64	69	18	12	7	81	17	36	21	50	84	82	25	81	70	52	81	87	87	76	11	43	7	76	43	58	94	0	33	58	77	18	21	45	87	84	52	67	100	39	40	49	23	73	26	55	43
77	35	81	63	62	91	6	69	18	100	78	12	32	35	88	50	7	85	88	90	36	55	42	26	46	42	100	70	67	54	12	96	41	45	58	2	35	15	22	53	14	100	16	98	86	3	99	93	87	86	34	74	92	27	52	89	21	3	59	87	57	22	82	97	66	92	50	53	58	24	57	24	23	72	21	8	26	19	52	65	56	0	38	38	100	16	41	88	36	44	46	75	52	20	8	100	37	99	49	89
57	72	97	80	46	68	52	6	46	22	9	10	29	98	99	28	14	40	16	1	35	13	75	86	32	83	85	21	33	85	9	41	57	58	72	54	25	23	59	22	44	20	31	25	17	30	52	82	21	67	83	55	32	9	92	15	91	76	35	24	60	96	64	68	53	36	22	29	10	32	51	6	51	81	30	68	62	81	49	34	100	83	0	88	83	92	31	97	34	6	84	57	18	79	73	85	83	60	58	11
69	90	13	74	92	46	55	11	7	36	12	41	87	94	80	69	37	11	65	71	68	100	27	85	30	51	22	12	10	79	75	31	20	87	4	12	32	11	74	91	46	85	31	32	79	62	52	15	72	68	85	40	68	64	76	97	66	97	9	76	28	35	6	47	21	61	10	5	71	84	95	68	68	77	51	98	38	2	65	62	70	1	53	0	37	16	28	85	82	25	93	57	4	27	14	50	100	26	12	56
49	47	50	16	66	78	19	16	15	20	80	28	41	32	80	29	48	8	14	29	84	58	37	87	37	2	88	88	27	51	43	75	97	92	43	15	69	61	30	35	32	9	63	73	40	42	53	39	1	66	67	36	76	55	74	64	56	62	51	83	64	93	9	13	36	51	27	56	63	56	90	95	16	4	19	7	98	23	46	50	41	64	86	16	0	19	59	79	26	72	29	8	36	73	69	48	8	71	74	63
86	81	4	32	96	60	50	2	57	24	47	6	64	63	43	31	81	2	61	6	73	41	66	60	13	86	7	72	56	32	86	41	12	90	72	7	1	73	61	9	97	59	66	12	21	9	43	53	62	55	11	34	96	76	46	8	13	4	32	68	36	17	61	99	58	84	58	58	9	18	66	57	76	32	68	97	92	62	49	53	17	59	38	12	86	0	83	71	50	87	2	18	74	19	30	72	76	65	81	86
73	98	51	29	26	34	97	22	25	10	22	77	26	33	15	89	70	97	60	20	35	13	89	8	31	70	32	59	34	12	44	7	62	46	35	87	80	83	60	56	45	33	33	70	17	99	11	87	47	22	58	82	34	98	41	17	67	24	27	100	88	22	58	49	67	45	87	98	79	98	54	23	30	38	45	47	36	55	85	82	28	94	15	13	91	56	0	81	57	31	7	8	18	28	18	18	47	62	4	44
40	1	49	15	83	86	59	81	73	65	65	7	44	10	21	56	100	28	37	8	59	43	15	76	23	84	94	69	45	49	64	37	2	13	51	84	50	61	64	23	77	80	81	20	41	1	27	40	81	63	99	91	58	13	18	32	49	63	100	93	12	15	81	13	79	83	48	29	43	63	3	71	94	83	42	34	35	69	25	67	83	23	57	40	87	75	71	0	35	37	22	28	100	37	60	12	67	43	11	95
37	73	49	8	66	31	49	51	18	69	75	84	52	97	93	91	84	67	14	18	3	87	97	3	75	57	66	42	51	29	36	87	1	37	94	19	67	95	21	36	63	96	20	14	44	12	57	27	30	22	97	84	8	45	38	83	53	56	24	3	84	11	90	84	47	35	54	66	29	75	53	92	22	72	57	65	35	13	44	16	34	40	100	94	36	89	76	89	0	44	51	91	27	13	80	11	12	67	16	29
95	90	81	38	11	5	95	76	39	59	71	7	45	10	58	38	97	46	65	85	90	15	76	16	79	7	78	90	25	94	18	20	83	99	57	46	3	3	73	93	62	43	51	6	4	8	95	100	54	59	85	43	25	12	58	3	70	36	45	95	29	62	66	63	12	22	60	66	25	84	11	38	26	61	95	81	69	89	81	74	47	17	16	71	80	73	73	1	60	0	69	47	40	83	12	55	94	86	14	12
62	98	74	51	75	34	45	56	54	33	88	27	79	56	94	1	87	19	25	39	78	94	86	18	76	49	72	21	86	37	84	99	86	57	49	13	43	93	68	48	25	7	75	55	14	68	55	52	86	80	90	16	25	27	85	100	28	8	72	13	44	56	64	82	12	12	94	6	5	13	54	81	71	80	88	36	99	42	87	37	73	28	52	97	55	36	48	82	95	20	0	46	90	27	9	71	90	73	64	96
29	28	49	9	98	28	96	33	78	90	71	14	62	99	65	11	53	52	58	86	98	29	83	88	55	44	10	45	16	26	40	44	53	40	4	3	19	52	35	96	41	6	62	54	56	78	16	8	30	26	45	79	54	27	66	61	22	76	57	37	1	48	32	5	87	88	7	57	39	94	4	31	99	65	36	54	43	52	13	24	77	57	2	82	35	68	94	57	95	50	45	0	47	97	29	51	35	16	58	91
6	51	95	36	1	59	23	6	53	74	70	76	2	78	78	36	64	97	29	72	91	79	17	89	27	97	39	62	12	48	4	69	50	50	56	2	61	78	59	13	52	28	89	5	5	66	40	21	14	69	92	56	99	8	44	25	4	34	38	67	82	94	35	83	43	90	85	3	20	43	68	23	71	56	27	27	73	67	47	86	87	91	41	37	98	36	13	54	69	51	72	2	0	96	59	85	38	100	69	93
19	11	60	41	33	15	20	12	39	38	10	76	24	100	68	12	50	3	24	55	71	26	26	25	21	36	9	11	36	77	3	6	39	62	99	24	28	18	35	18	55	44	93	30	44	60	41	93	14	16	47	36	94	24	60	14	60	68	76	47	96	78	4	35	91	2	58	18	19	92	35	25	87	79	54	30	90	46	74	3	14	72	39	7	48	98	72	59	18	48	5	13	25	0	60	47	68	62	56	85
32	99	72	9	86	50	14	67	92	60	93	94	73	64	32	31	63	82	2	21	99	1	77	11	26	37	10	45	50	65	29	33	64	52	41	1	54	55	67	45	66	59	38	90	75	22	20	37	55	73	58	53	74	86	15	51	22	24	95	23	41	23	56	56	27	48	56	80	54	74	76	71	85	65	60	59	86	31	47	40	4	56	44	77	42	59	27	15	34	73	38	26	47	45	0	81	73	92	88	4
98	62	79	68	98	96	80	8	33	10	54	73	65	62	68	93	3	78	19	69	64	43	6	89	90	50	22	62	94	9	18	91	22	48	10	19	43	89	26	76	51	32	100	15	93	19	8	47	97	78	15	60	21	73	100	10	22	21	23	67	82	92	9	3	40	19	74	34	59	51	9	9	34	60	76	26	79	83	24	75	60	39	86	32	11	85	93	84	6	16	3	87	59	11	41	0	98	81	66	32
92	17	92	100	50	52	75	28	82	9	51	8	21	41	93	52	3	29	45	39	34	12	41	72	70	3	65	20	36	30	51	27	46	94	78	48	97	5	75	78	13	25	85	33	66	29	37	68	58	33	6	43	44	98	67	65	1	31	84	88	60	86	14	6	32	43	53	28	47	79	58	12	3	42	96	20	23	32	40	32	16	97	74	11	95	40	76	47	22	11	34	82	49	99	39	80	0	41	43	7
40	21	64	51	75	58	46	95	32	30	86	63	97	82	36	8	28	28	83	74	49	45	59	82	93	57	20	24	50	14	83	89	34	98	91	61	7	88	7	38	69	92	100	66	73	88	73	1	15	7	26	15	51	85	49	96	93	20	71	42	34	53	82	19	51	72	79	57	60	85	95	28	76	46	93	1	33	17	53	99	23	78	66	26	14	14	21	7	33	43	100	66	96	82	85	98	53	0	15	54
64	100	100	44	27	98	88	79	30	5	31	81	27	61	46	52	74	11	24	32	43	67	32	61	14	13	97	11	17	11	16	81	62	68	76	41	65	63	19	46	67	2	26	94	14	23	97	39	33	73	71	28	91	2	88	4	66	84	66	82	94	33	14	8	100	89	48	16	4	18	14	70	71	91	15	84	14	12	75	98	36	45	25	26	98	12	81	15	95	98	48	41	82	62	100	82	2	47	0	49
5	16	14	27	87	5	41	22	70	4	96	67	39	92	92	16	89	55	48	55	2	97	3	94	79	64	93	12	17	39	12	74	54	26	100	92	30	40	14	99	44	61	17	34	53	60	2	93	15	49	48	16	46	50	9	76	65	53	87	33	91	98	6	96	23	5	88	4	97	53	2	92	13	71	25	65	30	26	10	44	27	57	11	24	58	71	99	22	23	37	54	65	34	12	61	9	68	100	12	0
